(d2l) cs@cs-desktop:~/project/recognizing_handwritten_digits/c++/transformer$ ./transformer 
y: 
[[-1.46385, -1.46385]
 [-0.878309, -0.878309]
 [-0.29277, -0.29277]
 [0.29277, 0.29277]
 [0.878309, 0.878309]
 [1.46385, 1.46385]]

loss: 
[[2.24734]]

gamma beta grad: 
[[-0.0357888]
 [-0.0385651]
 [0.123298]
 [-0.104921]
 [0.2234]
 [0.668696]]

[[0.0244484]
 [0.0439084]
 [-0.421142]
 [-0.358375]
 [0.254353]
 [0.456807]]

x grad: 
[[0.0877924, 0.0459683]
 [0.0612358, 0.0361414]
 [-0.253555, 0.0308492]
 [0.0253366, -0.259068]
 [0.026086, 0.0511805]
 [0.0531046, 0.0949287]]